function f = obj(r)
    f = 6*7860*9.14*pi()*r(1)^2 + 4*7860*9.14*2^0.5*pi()*r(2)^2;
end